-4,-1,4,4,-1;-0.059745964125700914,4.365389354121848,1.0
-4,-1,4,4,0;-0.20696820501915927,4.296773145929387,1.0
-4,0,4,4,-1;0.11150225844165214,4.3358057192652835,1.0
-3,-2,3,4,1;-1.4458262136421889,3.3589305446645827,1.0
-3,-1,3,4,0;-0.6752826715607517,3.51817575862189,1.0
-3,-1,3,4,1;-1.1546194612729246,3.4491810614171916,1.0
-3,-1,4,4,-1;-0.08727728928473812,4.1962003621235615,1.0
-3,-1,4,4,0;-0.32746092044715897,3.981438886088374,1.0
-3,0,3,4,0;-0.2134174377912542,3.335805719265283,1.0
-3,0,4,3,-1;0.5557907433093496,3.51817575862189,1.0
-3,0,4,3,0;0.11795149121374693,3.296773145929387,1.0
-3,0,4,4,-1;0.24020322914515266,3.9580193420868355,1.0
-3,0,4,4,0;-0.039824110089556684,3.4763264014456396,1.0
-3,1,4,3,-2;1.317157177004441,3.4220865749904363,1.0
-3,1,4,3,-1;0.9741862429655,3.5258225141635036,1.0
-2,-3,1,4,2;-2.7115384017004494,2.4755058970210886,1.0
-2,-3,1,4,3;-2.8096006989655473,2.3636079329490043,1.0
-2,-2,1,4,2;-2.5325744582721574,2.424493388078016,1.0
-2,-2,1,4,3;-2.7159328498804065,2.3235223658735964,1.0
-2,-2,2,4,1;-1.672934825481795,2.9596765568134615,1.0
-2,-2,2,4,2;-1.9714888725701514,2.539985353336941,1.0
-2,-2,3,4,1;-1.54327442270347,3.2177365453586084,1.0
-2,-1,2,3,0;-0.6154750389902875,2.450372496932803,1.0
-2,-1,2,3,1;-0.8129377569502285,2.41517341077357,1.0
-2,-1,2,4,1;-1.3789231446854262,2.5342252905884157,1.0
-2,-1,2,4,2;-1.6644706256421393,2.3235223658735964,1.0
-2,-1,3,3,0;-0.5997112572569332,2.639810162524123,1.0
-2,-1,3,3,1;-0.7272476961572508,2.608410855974026,1.0
-2,-1,3,4,0;-0.5978612790671214,3.044672564229718,1.0
-2,-1,3,4,1;-1.0557052780788132,2.9945689608719115,1.0
-2,0,2,3,0;-0.5339295046998764,2.3564078545133476,1.0
-2,0,2,3,1;-0.6130084014038719,2.3235223658735964,1.0
-2,0,3,2,0;0.38934968031937583,2.2802412188313195,1.0
-2,0,3,3,-1;0.4104194734014637,2.783705830266136,1.0
-2,0,3,3,0;0.004320414090826806,2.6202218723514443,1.0
-2,0,3,4,0;-0.2015476536578673,3.176063170033135,1.0
-2,0,4,3,-1;0.41742806075969663,3.1213140169760294,1.0
-2,0,4,3,0;0.11121186662754796,3.2234301927775246,1.0
-2,0,4,4,0;0.012331980895983289,3.2659492907506458,1.0
-2,1,3,2,-1;0.7896499929827442,2.379445120981739,1.0
-2,1,3,2,0;0.43442516128625874,2.2946725642297174,1.0
-2,1,3,3,-1;0.5851249734280881,2.555168059625988,1.0
-2,1,3,3,0;0.4330822741035465,2.3481838932710537,1.0
-2,1,4,2,-2;1.5672085598099115,2.959676556813461,1.0
-2,1,4,2,-1;1.2916654533834198,2.5108057465868776,1.0
-2,1,4,3,-2;1.477840953218331,3.1884621153566854,1.0
-2,1,4,3,-1;0.936213349827411,2.9945689608719106,1.0
-2,2,4,1,-3;2.5492921461917346,2.5551680596259874,1.0
-2,2,4,1,-2;2.4020343567729103,2.3861504188863725,1.0
-2,2,4,2,-3;2.5001118332111973,2.638467503890517,1.0
-2,2,4,2,-2;1.9654870990116853,2.579584151014393,1.0
-2,2,4,2,-1;1.4899160470726625,2.3235223658735964,1.0
-2,3,4,1,-3;2.6943625943900473,2.3928823629509264,1.0
-2,3,4,1,-2;2.5413782713109296,2.3235223658735964,1.0
-1,-4,-1,4,4;-4.226659625789374,1.3132280481711347,1.0
-1,-4,0,4,4;-4.142156330641826,1.4083327173172628,1.0
-1,-3,-1,4,4;-4.116184071472031,1.2871730413485116,1.0
-1,-3,0,4,3;-3.282738006902027,1.6237485676219745,1.0
-1,-3,0,4,4;-3.8504252242635175,1.4503577132202736,1.0
-1,-3,1,4,3;-3.03191333731954,2.063228048171135,1.0
-1,-2,0,3,3;-2.539620444160137,1.3145819686674176,1.0
-1,-2,0,4,3;-2.8192506352315303,1.408719550983661,1.0
-1,-2,1,3,2;-2.1558788315396353,1.4856555698547704,1.0
-1,-2,1,3,3;-2.4194663222222927,1.35690263504437,1.0
-1,-2,1,4,2;-2.1491236075594378,2.0031441177203155,1.0
-1,-2,1,4,3;-2.667201299466976,1.8237485676219745,1.0
-1,-2,2,4,2;-1.8477819158665918,2.2084837155152486,1.0
-1,-1,1,2,1;-0.987032240151798,1.2802412188313192,1.0
-1,-1,1,3,1;-1.1358809975405875,1.4311185796569865,1.0
-1,-1,1,3,2;-1.6663421834806726,1.6655979247982249,1.0
-1,-1,1,4,2;-1.7654476096254177,1.9963100581506659,1.0
-1,-1,2,3,1;-1.190332119273632,1.9938241404158696,1.0
-1,-1,2,3,2;-1.5778985045092913,1.9903768672241313,1.0
-1,-1,2,4,1;-1.5006112719258804,2.218083820096124,1.0
-1,-1,2,4,2;-1.671241985513864,2.1473553653719533,1.0
-1,0,1,2,1;-0.8705628300085672,1.3080291812832403,1.0
-1,0,1,3,1;-0.9147968012733778,1.378276069400771,1.0
-1,0,2,2,0;-0.05974596412570123,1.623748567621974,1.0
-1,0,2,2,1;-0.5365290735168725,1.4159196294193175,1.0
-1,0,2,3,0;-0.32386637142886243,2.0704281266067914,1.0
-1,0,2,3,1;-0.6752826715607518,1.823748567621974,1.0
-1,0,3,2,0;0.2584329019437235,2.0997025566087135,1.0
-1,0,3,3,0;0.012331980895983271,2.1872599649173825,1.0
-1,1,2,1,-1;0.8708799170409707,1.3204281266067912,1.0
-1,1,2,1,0;0.7677908836795594,1.296773145929387,1.0
-1,1,2,2,-1;0.7988102165071177,1.4023995263907274,1.0
-1,1,2,2,0;0.5109694974304481,1.441037735915827,1.0
-1,1,3,1,-1;1.0625772726684097,1.4035206840957666,1.0
-1,1,3,2,-1;1.0183624269032003,1.8851529982373576,1.0
-1,1,3,2,0;0.4676309147312533,1.966805519788556,1.0
-1,1,4,2,-1;1.4051453253483726,2.2571163934320206,1.0
-1,2,3,1,-2;1.9321726637805228,1.6237485676219738,1.0
-1,2,3,1,-1;1.4667116016396387,1.5446725642297174,1.0
-1,2,3,2,-2;1.6494610248591577,2.0204335151406223,1.0
-1,2,3,2,-1;1.4767129096516096,1.9853016653366486,1.0
-1,2,4,1,-2;2.141370150649143,2.040685562233766,1.0
-1,2,4,2,-2;1.7312835592734008,2.1644131984025776,1.0
-1,2,4,2,-1;1.4999173550846332,2.216805519788556,1.0
-1,3,3,0,-2;2.564284405952103,1.3145819686674172,1.0
-1,3,3,1,-2;2.3540328527371535,1.386177065046292,1.0
-1,3,4,0,-3;3.1632460786506242,1.6237485676219738,1.0
-1,3,4,0,-2;2.7538171657463906,1.3794451209817382,1.0
-1,3,4,1,-3;2.966479867834401,2.033953618169212,1.0
-1,3,4,1,-2;2.5477093712155736,1.823748567621974,1.0
-1,4,4,-1,-4;4.236970101442575,1.3271600706713444,1.0
-1,4,4,0,-4;4.039546212154841,1.4144131984025774,1.0
-1,4,4,0,-3;3.6146930897629503,1.5622970226010822,1.0
0,-4,-1,4,4;-4.317415397466504,1.1500824413865829,1.0
0,-3,-1,3,4;-3.538468665553787,0.5042110537961872,1.0
0,-3,-1,4,4;-4.0169424234147035,0.7797075043538753,1.0
0,-3,0,3,3;-3.2372695138195837,0.857471908271194,1.0
0,-3,0,3,4;-3.293006518127649,0.7826255736886193,1.0
0,-3,0,4,3;-3.2383681258645725,1.0811470726672965,1.0
0,-3,0,4,4;-3.5329826866338996,1.0478856406694226,1.0
0,-2,-1,3,3;-2.987232288448791,0.39202992707394446,1.0
0,-2,-1,3,4;-3.236189442506248,0.4668055197885561,1.0
0,-2,0,2,3;-2.3634141606229715,0.28024121883131947,1.0
0,-2,0,3,2;-2.2084700902833987,1.0383498377662066,1.0
0,-2,0,3,3;-2.667201299466976,0.7765349721220165,1.0
0,-2,0,3,4;-3.23436460267515,0.7050165044328733,1.0
0,-2,0,4,3;-2.997451838153074,1.1529192150812844,1.0
0,-2,1,3,2;-2.2039030021528676,1.2168055197885561,1.0
0,-2,1,3,3;-2.3531946109186883,1.2647079233239094,1.0
0,-1,0,2,2;-1.671241985513864,0.45292817437203714,1.0
0,-1,0,2,3;-2.2060816855111924,0.3311470726672965,1.0
0,-1,0,3,2;-2.017030305599589,0.7826255736886192,1.0
0,-1,0,3,3;-2.211375001427832,0.5241385749378605,1.0
0,-1,1,2,1;-1.0891232983765804,1.113607932949004,1.0
0,-1,1,2,2;-1.328839345364002,0.7826255736886191,1.0
0,-1,1,3,1;-1.1756915756929744,1.2180838200961237,1.0
0,-1,1,3,2;-1.671241985513864,1.1001417698719953,1.0
0,0,0,2,2;-1.188176526489973,0.33580571926528346,1.0
0,0,1,1,1;-0.35299456262169554,0.4075632225813543,1.0
0,0,1,2,0;-0.08974392687115411,0.8323385081829079,1.0
0,0,1,2,1;-0.5958013231794739,0.7794009961851219,1.0
0,0,1,2,2;-1.0906876869056799,0.4518993573258737,1.0
0,0,2,2,0;-0.08912726747455017,1.0622970226010822,1.0
0,0,2,2,1;-0.3427750129174127,1.1373859195738742,1.0
0,1,1,1,0;0.18268895680538383,0.5114111322318435,1.0
0,1,1,1,1;-0.09130595083287509,0.48565556985477,1.0
0,1,1,2,0;-0.05286313283594206,0.7826255736886188,1.0
0,1,1,2,1;-0.09264883801558725,0.7301499045211584,1.0
0,1,2,1,-1;0.9738851938010802,1.1428823629509262,1.0
0,1,2,1,0;0.6635021619644671,0.7797075043538751,1.0
0,1,2,2,0;0.1772029778854968,1.0406855622337658,1.0
0,1,3,1,-1;1.0802256291154664,1.2571163934320202,1.0
0,2,2,0,-1;1.5517500572624612,0.452928174372037,1.0
0,2,2,0,0;1.0927105799124657,0.29677314592938697,1.0
0,2,2,1,-1;1.223113079692118,0.7826255736886187,1.0
0,2,2,1,0;0.9754495823301799,0.42262492732395135,1.0
0,2,3,0,-2;2.0260773253966575,0.9361612341044561,1.0
0,2,3,0,-1;1.9113040399277046,0.7826255736886183,1.0
0,2,3,1,-2;2.023469783845442,1.1401640670422435,1.0
0,2,3,1,-1;1.5517500572624614,1.1001417698719949,1.0
0,3,2,0,-2;2.2347451239852227,0.34339724915717246,1.0
0,3,2,0,-1;2.0256484672037667,0.4077885254136083,1.0
0,3,3,-1,-2;2.8585632518110433,0.3288738967480909,1.0
0,3,3,0,-3;3.0548767489328417,0.9596605119329423,1.0
0,3,3,0,-2;2.5477093712155736,0.7765349721220158,1.0
0,3,3,0,-1;2.0289822365410903,0.6263271785996092,1.0
0,3,3,1,-2;2.2245255742809404,1.201551892998056,1.0
0,3,4,0,-3;3.057934907557147,1.1577885254136082,1.0
0,3,4,0,-2;2.868782801515325,1.2160752454071373,1.0
0,4,3,-1,-3;3.5436686851686856,0.4529281743720367,1.0
0,4,3,-1,-2;3.055756224198822,0.3901640670422434,1.0
0,4,3,0,-3;3.1872802524557646,0.7826255736886181,1.0
0,4,3,0,-2;3.051971837788409,0.6028279007711226,1.0
0,4,4,-1,-4;4.1225117573618775,1.136150418886372,1.0
0,4,4,-1,-3;3.8754712126913518,0.7826255736886181,1.0
0,4,4,0,-4;4.0207181248945245,1.248140468012615,1.0
0,4,4,0,-3;3.543668685168685,1.1001417698719946,1.0
1,-3,-2,2,4;-3.7397960810941453,-0.7197587811686805,1.0
1,-3,-2,3,4;-3.7834986160591084,-0.4924882180929922,1.0
1,-3,-1,3,4;-3.847430766753579,0.09939694941595359,1.0
1,-3,-1,4,4;-4.103699120675032,0.2667164980128957,1.0
1,-2,-2,2,4;-3.4727181090362436,-0.6554963102791808,1.0
1,-2,-2,3,4;-3.5750557917404664,-0.4944019268491937,1.0
1,-2,-1,2,3;-2.6672012994669765,-0.2706786233779417,1.0
1,-2,-1,2,4;-3.026427358399653,-0.5111313537055249,1.0
1,-2,-1,3,3;-2.813764656311643,0.14337714348194883,1.0
1,-2,-1,3,4;-3.282738006902027,-0.0706786233779416,1.0
1,-2,0,2,3;-2.42495230114218,0.19519405942123974,1.0
1,-2,0,3,3;-2.539620444160137,0.23589264283415426,1.0
1,-1,-1,1,2;-1.671241985513864,-0.5942854211279206,1.0
1,-1,-1,1,3;-1.835296965069593,-0.6545941761538411,1.0
1,-1,-1,2,2;-1.7531422085490025,-0.45170243985895686,1.0
1,-1,-1,2,3;-2.146129150049499,-0.4533894550840887,1.0
1,-1,0,1,2;-1.5902039055857067,-0.44576924893242226,1.0
1,-1,0,2,2;-1.6663421834806726,-0.12325645720160701,1.0
1,-1,0,2,3;-2.1537001481813105,0.0622970226010823,1.0
1,0,-1,1,2;-1.5130962227228795,-0.6641942807347165,1.0
1,0,0,1,1;-0.6752826715607523,-0.2706786233779418,1.0
1,0,0,1,2;-1.1933265767835715,-0.4440694777796427,1.0
1,0,0,2,1;-0.9024914001969625,0.16633154889093796,1.0
1,0,0,2,2;-1.1377316740595975,0.11327184465553272,1.0
1,0,1,1,1;-0.5420150524367598,0.13617706504629218,1.0
1,0,1,2,1;-0.859020433552493,0.23736221527773527,1.0
1,0,1,2,2;-0.9768126904475151,0.2647079233239093,1.0
1,1,0,0,1;0.0123319808959829,-0.6367853534158109,1.0
1,1,0,1,1;-0.32935235034874993,-0.5183314321411816,1.0
1,1,1,0,0;0.46545223137292807,-0.41885292733270385,1.0
1,1,1,0,1;0.26391888086361026,-0.5476058621431039,1.0
1,1,1,1,0;0.5079750399205083,0.10871692672039912,1.0
1,1,1,1,1;-0.05974596412570141,-0.07067862337794195,1.0
1,1,2,1,0;0.7553059328825601,0.25711639343202014,1.0
1,2,1,-1,-1;1.4977386717263084,-0.668852927332704,1.0
1,2,1,-1,0;1.4176302761453716,-0.7032268540706131,1.0
1,2,1,0,-1;1.4767129096516096,-0.4417493177881941,1.0
1,2,1,0,0;1.0194053525892666,-0.34037461801388913,1.0
1,2,1,1,0;0.786504815430702,0.14220809190098085,1.0
1,2,2,0,-1;1.4688902849979635,0.0032800282261345876,1.0
1,2,2,0,0;1.0741196691244839,0.14187071246520883,1.0
1,2,2,1,0;0.8653939381210836,0.23166856785881834,1.0
1,3,1,-1,-1;1.7197411628173267,-0.6190218018416023,1.0
1,3,1,0,-1;1.637155623782742,-0.4758258968489142,1.0
1,3,2,-1,-2;2.5477093712155736,-0.2706786233779422,1.0
1,3,2,-1,-1;2.1468561295690303,-0.4885888677681567,1.0
1,3,2,0,-2;2.35951883165704,0.16591962941931698,1.0
1,3,2,0,-1;1.932172663780523,-0.07067862337794215,1.0
1,3,3,-1,-2;2.748331186826504,0.17265157348387078,1.0
1,3,3,0,-2;2.564284405952103,0.23589264283415404,1.0
1,4,2,-2,-3;3.58366601967628,-0.6512284689613392,1.0
1,4,2,-2,-2;3.382382322005924,-0.6081292875347912,1.0
1,4,2,-1,-2;2.9609938889145138,-0.48185692370360295,1.0
1,4,3,-2,-3;3.6033399305317095,-0.4417493177881942,1.0
1,4,3,-2,-2;3.459069206974206,-0.4702784698592379,1.0
1,4,3,-1,-3;3.6125144064046255,-0.014344430145230291,1.0
1,4,3,-1,-2;3.163246078650624,-0.07067862337794224,1.0
2,-3,-2,2,4;-3.760657215260702,-0.7544260558008908,1.0
2,-3,-2,3,4;-3.7787794244421264,-0.7332835019871045,1.0
2,-2,-3,1,4;-3.3902712525121768,-1.715474679249074,1.0
2,-2,-3,2,4;-3.4493244263783875,-1.6896887678471069,1.0
2,-2,-2,1,4;-3.1596496990051204,-1.6190218018416018,1.0
2,-2,-2,2,4;-3.295462161721613,-1.1190248070096238,1.0
2,-2,-1,2,3;-2.715932849880407,-0.755166959959667,1.0
2,-2,-1,2,4;-2.811165087494647,-0.7981006426741262,1.0
2,-1,-2,1,3;-2.286778692948915,-1.4414990166278785,1.0
2,-1,-2,1,4;-2.731812797630326,-1.4778699217076512,1.0
2,-1,-2,2,3;-2.6037930169010433,-1.0697364286088513,1.0
2,-1,-2,2,4;-2.7263382781370336,-1.096257814975667,1.0
2,-1,-1,1,2;-1.6644706256421395,-0.755166959959667,1.0
2,-1,-1,1,3;-1.969638196051142,-0.9782358891613953,1.0
2,-1,-1,2,3;-2.5295800007622185,-0.8681081622261775,1.0
2,-1,-1,2,4;-2.7086334905560165,-0.9130174843170217,1.0
2,0,-2,0,3;-1.688969635808097,-1.715474679249074,1.0
2,0,-2,1,3;-1.81799126496482,-1.6728399293286553,1.0
2,0,-1,0,2;-1.0557052780788134,-1.4414990166278787,1.0
2,0,-1,0,3;-1.5377884437835834,-1.6656398508929986,1.0
2,0,-1,1,2;-1.3807738212044367,-0.9724758264128701,1.0
2,0,-1,1,3;-1.6729348254817955,-1.3944254094362236,1.0
2,0,0,0,2;-0.7395530972336667,-1.0638032376823172,1.0
2,0,0,1,1;-0.6130084014038724,-0.7551669599596672,1.0
2,0,0,1,2;-0.8159322144601683,-0.858788184921732,1.0
2,1,-1,-1,1;0.012331980895982904,-1.715474679249074,1.0
2,1,-1,0,1;-0.19000525720179354,-1.6306717734721596,1.0
2,1,-1,0,2;-0.595682595708797,-1.496719971773865,1.0
2,1,0,-1,1;0.09966947017147333,-1.6780387962165495,1.0
2,1,0,0,0;0.4359871852479793,-0.7856954805669872,1.0
2,1,0,0,1;0.008934939494482222,-1.0703253003395332,1.0
2,1,0,0,2;-0.5997112572569335,-1.0962578149756674,1.0
2,1,0,1,1;-0.5323651161707772,-0.7909005642384699,1.0
2,1,0,1,2;-0.618379950134721,-0.8878840842287369,1.0
2,1,1,0,0;0.4366038446445832,-0.7467199717738653,1.0
2,1,1,0,1;0.399569230023658,-0.7352920766760908,1.0
2,2,0,-1,0;0.9362133498274104,-1.441499016627879,1.0
2,2,0,-1,1;0.41524937740137124,-1.5733614245201777,1.0
2,2,0,0,0;0.5851249734280878,-0.9899169122487501,1.0
2,2,0,0,1;0.40751456225703003,-1.2212174175620703,1.0
2,2,1,-1,-1;1.4899160470726622,-0.7551669599596673,1.0
2,2,1,-1,0;1.2935161299024296,-0.9490562824113326,1.0
2,2,1,0,0;0.7841640140628569,-0.827348426516129,1.0
2,3,0,-2,0;1.7136335976000627,-1.715474679249074,1.0
2,3,0,-1,0;1.4723549742984436,-1.6363654208910767,1.0
2,3,1,-2,-1;2.0544968539321116,-1.5733614245201777,1.0
2,3,1,-2,0;1.7525577954796798,-1.7021143593305776,1.0
2,3,1,-1,-1;1.9577921680409685,-1.0213951749816568,1.0
2,3,1,-1,0;1.567208559809911,-1.3944254094362238,1.0
2,3,2,-1,-2;2.541378271310929,-0.7551669599596676,1.0
2,3,2,-1,-1;2.40046996824381,-0.8206431286114955,1.0
2,4,1,-2,-2;3.026907837470477,-1.555736966148813,1.0
2,4,1,-2,-1;2.543128144287339,-1.3704700527015652,1.0
2,4,1,-1,-1;2.4878064321347817,-1.093859885598809,1.0
2,4,2,-2,-3;3.5928404955491966,-0.7551669599596676,1.0
2,4,2,-2,-2;3.1331567461287757,-1.0141334987771162,1.0
2,4,2,-2,-1;2.6084183986221654,-1.0883124586091328,1.0
2,4,2,-1,-2;2.695926982919147,-0.8273750726760492,1.0
2,4,2,-1,-1;2.549292146191734,-0.9899169122487506,1.0
3,-2,-3,1,4;-3.3124594650045545,-1.9125279805541926,1.0
3,-2,-3,2,4;-3.4538597282092205,-1.7332835019871045,1.0
3,-2,-2,1,4;-3.147460700798217,-1.7915162844847516,1.0
3,-1,-3,0,4;-2.537209295287077,-2.577348426516129,1.0
3,-1,-3,1,4;-3.0211004202894087,-2.4254494846613532,1.0
3,-1,-2,0,3;-2.170005574645606,-2.1725847396452984,1.0
3,-1,-2,0,4;-2.310922931745826,-2.357950900998645,1.0
3,-1,-2,1,3;-2.1750546154245227,-1.8823784188951247,1.0
3,-1,-2,1,4;-2.6672012994669765,-1.9651058143778577,1.0
3,0,-3,0,3;-2.0696443414680097,-2.686659398759319,1.0
3,0,-3,0,4;-2.184727218267981,-2.651228468961339,1.0
3,0,-2,-1,3;-1.2705825096024779,-2.671126103251909,1.0
3,0,-2,0,2;-1.157007866045132,-2.197718139733584,1.0
3,0,-2,0,3;-1.671241985513865,-2.2887126121278363,1.0
3,0,-2,0,4;-2.1829023784368835,-2.531051473066917,1.0
3,0,-2,1,3;-1.9046201871325803,-1.798448107001944,1.0
3,0,-1,0,2;-1.1524407779146006,-1.9012284689613392,1.0
3,0,-1,0,3;-1.4356066639379066,-1.813981402509354,1.0
3,1,-2,-1,2;-0.818570413461327,-2.5701483480804725,1.0
3,1,-2,-1,3;-1.1427681750711427,-2.632378418895125,1.0
3,1,-2,0,2;-1.0349467192177657,-2.357950900998645,1.0
3,1,-2,0,3;-1.1441110622538548,-2.505918072978632,1.0
3,1,-1,-1,1;-0.03982411008955731,-1.9125279805541928,1.0
3,1,-1,-1,2;-0.32931159696616963,-2.4196894219128287,1.0
3,1,-1,0,1;-0.2009324869942557,-1.7819161799038763,1.0
3,1,-1,0,2;-0.6752826715607523,-1.9651058143778577,1.0
3,1,0,-1,1;0.10546654041674723,-1.74288360656798,1.0
3,2,-1,-2,0;0.9617182973671127,-2.4037294693168825,1.0
3,2,-1,-2,1;0.7890772354765077,-2.5153217577261358,1.0
3,2,-1,-1,1;0.24205390566416218,-2.3962698779112905,1.0
3,2,-1,-1,2;-0.0872772892847389,-2.6278449562096324,1.0
3,2,0,-2,0;0.9701575814173627,-2.309783306538089,1.0
3,2,0,-2,1;0.907116781918086,-2.3243804361089224,1.0
3,2,0,-1,0;0.9720075596071746,-1.9778699217076514,1.0
3,2,0,-1,1;0.555790743309349,-1.9651058143778581,1.0
3,3,-1,-2,0;1.105317971830863,-2.5706431286114952,1.0
3,3,-1,-2,1;0.9641849349535283,-2.6278449562096324,1.0
3,3,0,-2,-1;1.9876128097588641,-2.070396135983549,1.0
3,3,0,-2,0;1.575739812593565,-2.2090267350428903,1.0
3,3,0,-1,0;1.3069376273001578,-1.8771374328352073,1.0
3,3,1,-2,-1;1.9946213971170967,-1.805736966148813,1.0
3,3,1,-2,0;1.775951150494831,-1.7352920766760906,1.0
3,4,0,-3,-1;2.547709371215573,-2.6123194098778155,1.0
3,4,0,-3,0;2.0674696686111846,-2.703226854070613,1.0
3,4,0,-2,-1;2.205196666073941,-2.3579509009986457,1.0
3,4,0,-2,0;2.0077360226835603,-2.6363920670509966,1.0
3,4,1,-3,-2;3.093341264570635,-2.093895413812036,1.0
3,4,1,-3,-1;2.893387626309528,-2.3579509009986457,1.0
3,4,1,-2,-2;3.0867832942854916,-1.823361424520178,1.0
3,4,1,-2,-1;2.5477093712155736,-1.9651058143778584,1.0
4,-1,-4,-1,4;-2.6469644300736515,-3.671126103251909,1.0
4,-1,-4,0,4;-2.737895989967325,-3.557735802342845,1.0
4,-1,-3,0,4;-2.8113091696232217,-2.995030241583963,1.0
4,-1,-3,1,4;-3.1289400319763145,-2.733283501987104,1.0
4,0,-4,-1,4;-2.5024858088562034,-3.6415642877789702,1.0
4,0,-4,0,4;-2.549161279348716,-3.554515222682177,1.0
4,0,-3,-1,3;-1.671241985513865,-3.3359262076277942,1.0
4,0,-3,-1,4;-2.1447494799609443,-3.5336738396428937,1.0
4,0,-3,0,3;-1.932086777872934,-2.87916534245542,1.0
4,0,-3,0,4;-2.2867786929489156,-3.1359262076277945,1.0
4,0,-2,-1,3;-1.4236929308754698,-2.8863654208910763,1.0
4,0,-2,0,3;-1.688969635808097,-2.794164005082337,1.0
4,1,-3,-2,2;-0.6932624209968362,-3.686659398759319,1.0
4,1,-3,-2,3;-0.847169147350711,-3.653214259409528,1.0
4,1,-3,-1,3;-1.2110302287874597,-3.54087391807855,1.0
4,1,-2,-2,2;-0.596659934832555,-3.55197573959432,1.0
4,1,-2,-2,3;-0.7941848347859944,-3.5604484136087122,1.0
4,1,-2,-1,2;-0.5281465572098496,-2.9857102642795166,1.0
4,1,-2,-1,3;-1.0557052780788139,-3.1359262076277945,1.0
4,1,-1,-1,2;-0.21945315581615918,-2.7428836065679802,1.0
4,2,-2,-2,1;0.40557677455791313,-3.4602454633362862,1.0
4,2,-2,-2,2;-0.07966781816184615,-3.3121108392014387,1.0
4,2,-2,-1,2;-0.17245255833230688,-2.9665378818487738,1.0
4,2,-1,-2,1;0.39634224604519475,-2.9478166460840045,1.0
4,2,-1,-2,2;0.05646597356604579,-2.9424144248588173,1.0
4,2,-1,-1,1;0.12398720923865053,-2.781916179903876,1.0
4,2,-1,-1,2;-0.0597459641257017,-2.8123194098778157,1.0
4,3,-2,-3,1;0.8629827892480226,-3.666842001332302,1.0
4,3,-2,-2,1;0.6719070199179604,-3.599890912453497,1.0
4,3,-1,-3,0;1.5517500572624612,-3.335926207627795,1.0
4,3,-1,-3,1;1.1455967593023195,-3.5701483480804725,1.0
4,3,-1,-2,0;1.3582594613903296,-2.9156398508929984,1.0
4,3,-1,-2,1;0.9362133498274104,-3.1359262076277945,1.0
4,3,0,-3,0;1.812399327822453,-2.9179052039320026,1.0
4,3,0,-2,0;1.7389169467022136,-2.7960727849664444,1.0
4,4,-1,-4,-1;2.547709371215573,-3.6595330053777744,1.0
4,4,-1,-4,0;2.39238936484409,-3.703226854070613,1.0
4,4,-1,-3,-1;2.4331746945824544,-3.5303917656922206,1.0
4,4,-1,-3,0;2.097643862749275,-3.500603050584047,1.0
4,4,0,-4,-1;2.663050136174493,-3.5359391926818975,1.0
4,4,0,-3,-1;2.5431281442873384,-3.159324434701397,1.0
4,4,0,-3,0;2.031608134950583,-2.928556195592782,1.0
4,4,0,-2,0;1.9409753048302605,-2.749815429085172,1.0
