-3,-1,3,3,0;-0.29263004198258585,3.3157419565932726,1.0
-3,0,3,3,-1;0.09791606635010666,3.4142572748667623,1.0
-3,0,3,3,0;-0.11563356657079522,3.3716887447666473,1.0
-2,-2,1,3,1;-1.7037912582970867,2.2962232861168674,1.0
-2,-2,1,3,2;-1.7231184693370547,2.291910275405652,1.0
-2,-2,2,3,1;-1.6632113781346154,2.314097047007583,1.0
-2,-1,2,3,0;-0.6917193197726488,2.614285322305908,1.0
-2,-1,2,3,1;-1.1981228608957322,2.467180247579174,1.0
-2,-1,3,3,0;-0.4929598564843781,3.037482872748165,1.0
-2,0,2,2,0;-0.007897198088049695,2.2938106708934956,1.0
-2,0,2,3,0;-0.28029715439636815,2.3829743755606914,1.0
-2,0,3,2,-1;0.44112461563500804,2.4671802475791735,1.0
-2,0,3,2,0;0.1791459904083333,2.355240280491815,1.0
-2,0,3,3,-1;0.40615646824919127,2.980230498225816,1.0
-2,0,3,3,0;-0.076182612337598,2.8142853223059077,1.0
-2,1,3,2,-2;1.4635511568540864,2.38528055392924,1.0
-2,1,3,2,-1;0.9410653604813577,2.5621686394509657,1.0
-2,1,3,3,-1;0.7163515972628544,2.905516664804247,1.0
-2,2,3,1,-2;1.69340441861603,2.2938106708934956,1.0
-2,2,3,2,-2;1.6026400943090522,2.323957381185744,1.0
-1,-3,0,3,3;-3.0453938829249325,1.3157419565932729,1.0
-1,-2,0,3,2;-2.391982218532674,1.4872062917419202,1.0
-1,-2,0,3,3;-2.7561404133682457,1.4081632532042265,1.0
-1,-2,1,3,1;-1.680402566674723,2.2571372235043166,1.0
-1,-2,1,3,2;-1.9444104355336034,1.8372412399392808,1.0
-1,-2,2,3,1;-1.6594121918032565,2.280256390914049,1.0
-1,-1,1,2,1;-1.0721419262907104,1.4434649290559707,1.0
-1,-1,1,2,2;-1.3981987731041483,1.291910275405652,1.0
-1,-1,1,3,1;-1.3958410020103496,1.862717165218723,1.0
-1,-1,1,3,2;-1.6149948331235136,1.5158776368730185,1.0
-1,-1,2,2,1;-0.809706315401514,1.6995053352209493,1.0
-1,-1,2,3,0;-0.6279964317641927,2.2533498052350303,1.0
-1,-1,2,3,1;-1.0358702123479049,2.0794332350196387,1.0
-1,0,1,2,0;-0.3272233919521555,1.296885575384894,1.0
-1,0,1,2,1;-0.6010217238526739,1.3852805539292403,1.0
-1,0,2,2,0;-0.10005884704046716,1.7738361488477026,1.0
-1,0,2,2,1;-0.6143899707784102,1.6618174571059536,1.0
-1,0,2,3,0;-0.45127561474034994,2.170386134060492,1.0
-1,0,2,3,1;-0.6458207609985078,1.9553990094706482,1.0
-1,0,3,2,-1;0.4234657924740745,2.2533498052350303,1.0
-1,0,3,2,0;0.3029403899738103,2.1981202291293687,1.0
-1,1,2,1,-1;0.9197767016155141,1.443464929055971,1.0
-1,1,2,1,0;0.5452836862683853,1.3705996012389152,1.0
-1,1,2,2,-1;0.6606619932839295,1.7223594864206646,1.0
-1,1,2,2,0;0.38561079653613667,1.6161302650007467,1.0
-1,1,3,1,-1;1.1751455707532457,1.7481380131377209,1.0
-1,1,3,2,-2;1.474928016712342,2.2533498052350303,1.0
-1,1,3,2,-1;0.9433886587990291,2.1020380978293547,1.0
-1,1,3,2,0;0.4338643578429168,2.0522107475207014,1.0
-1,2,2,1,-1;1.2685953531788012,1.328889068830821,1.0
-1,2,3,0,-2;2.1765835295090814,1.3643746345100443,1.0
-1,2,3,1,-2;1.9049969943234768,1.8027600313299097,1.0
-1,2,3,1,-1;1.4670997214488843,1.6566237004758366,1.0
-1,2,3,2,-2;1.532067341908184,2.229403128435439,1.0
-1,2,3,2,-1;1.472905402413737,2.161410339053946,1.0
-1,3,3,0,-3;2.8843344224805825,1.3755749012181573,1.0
-1,3,3,0,-2;2.5277397258001844,1.46774144845105,1.0
-1,3,3,1,-2;2.4176532139669344,1.6694486873044572,1.0
0,-3,-1,3,3;-3.30980532080244,0.8991916736563021,1.0
0,-3,0,3,3;-3.1763450595702816,1.1329743755606918,1.0
0,-2,-1,2,3;-2.5598496231441694,0.3424433488102678,1.0
0,-2,-1,3,3;-2.9854159793764508,0.49672184920361895,1.0
0,-2,0,2,2;-2.1974463855093926,0.6706983540540864,1.0
0,-2,0,2,3;-2.3265000942852154,0.4565005843986226,1.0
0,-2,0,3,2;-2.161136583914838,1.056623700475837,1.0
0,-2,0,3,3;-2.683637947678873,0.919858131305992,1.0
0,-2,1,3,2;-1.984331888036163,1.2802563909140492,1.0
0,-1,0,2,1;-1.1591306934501944,0.640188088354105,1.0
0,-1,0,2,2;-1.6810814745491507,0.606018675686558,1.0
0,-1,0,2,3;-2.2051897681215933,0.3806718089850654,1.0
0,-1,0,3,2;-1.9439073932042341,1.0328386685542825,1.0
0,-1,1,2,1;-1.1577799060584775,0.9807720567417666,1.0
0,-1,1,2,2;-1.426958359273029,1.086429269538878,1.0
0,-1,1,3,2;-1.768936069012438,1.2284658783732179,1.0
0,0,0,1,1;-0.903343303916604,0.3326977945544463,1.0
0,0,0,1,2;-1.073279076871242,0.291910275405652,1.0
0,0,0,2,1;-1.0517455218925562,0.4946831764688281,1.0
0,0,0,2,2;-1.1394665749759367,0.36136913968554446,1.0
0,0,1,1,0;-0.06966193551073292,0.8991916736563017,1.0
0,0,1,1,1;-0.3995654056255725,0.5037141798985804,1.0
0,0,1,2,0;-0.21515234368101716,1.1417147889293937,1.0
0,0,1,2,1;-0.6917193197726489,0.9198581313059917,1.0
0,0,2,1,0;0.04094449295052582,1.0814713464710541,1.0
0,0,2,2,0;-0.023963901603875123,1.196063058257688,1.0
0,1,1,0,0;0.8021921399285689,0.36043188962332295,1.0
0,1,1,1,0;0.2777383465771207,0.5259014559536818,1.0
0,1,1,1,1;-0.10226531964505936,0.3806718089850652,1.0
0,1,2,0,0;0.8915953013025657,0.4634373577211592,1.0
0,1,2,1,-1;0.949196904593208,1.0473384756517319,1.0
0,1,2,1,0;0.5511068788359187,0.8984642409598033,1.0
0,1,2,2,0;0.16616393150780565,1.2370526307600096,1.0
0,2,1,0,-1;1.049158528519018,0.2968855753848941,1.0
0,2,1,0,0;0.9569958286198397,0.3262635595542928,1.0
0,2,2,0,-2;1.9854899823538015,0.7675100921041395,1.0
0,2,2,0,-1;1.5070334025897159,0.5727781327417146,1.0
0,2,2,0,0;0.9554788678958862,0.4482919655435321,1.0
0,2,2,1,-1;1.2367522718319262,0.9509277753985381,1.0
0,2,2,1,0;0.9471742902946033,0.543376350304051,1.0
0,2,3,0,-2;1.9971068179242994,1.0925234672507673,1.0
0,2,3,0,-1;1.794863071086649,1.0556928197539979,1.0
0,2,3,1,-2;1.8547284681108165,1.24327759748888,1.0
0,2,3,1,-1;1.667784905024403,1.200731783304341,1.0
0,3,2,-1,-2;2.54405522696807,0.34244334881026756,1.0
0,3,2,0,-2;2.204673035236764,0.4786878604537236,1.0
0,3,2,0,-1;2.0006591288314755,0.3806718089850651,1.0
0,3,3,-1,-3;3.0659004537068486,0.749387679887349,1.0
0,3,3,-1,-2;2.8635889203279987,0.47453457314851716,1.0
0,3,3,0,-3;3.0632551157291372,1.0858033072258997,1.0
0,3,3,0,-2;2.531272723003677,0.9198581313059915,1.0
1,-2,-2,2,3;-2.796436963443823,-0.6544817466983339,1.0
1,-2,-1,2,3;-2.6697410264318266,-0.15075470186652298,1.0
1,-2,-1,3,3;-3.016761536243776,0.2132209495723889,1.0
1,-2,0,2,3;-2.3092515842690697,0.28025639091404936,1.0
1,-1,-1,1,2;-1.6876786337257612,-0.4509622619439451,1.0
1,-1,-1,1,3;-2.057804162480767,-0.5807677208443129,1.0
1,-1,-1,2,2;-1.8912904317721908,-0.13174247982901968,1.0
1,-1,-1,2,3;-2.27148785094381,-0.2782969259991691,1.0
1,-1,0,1,2;-1.4851134197138427,-0.1245399831122439,1.0
1,-1,0,2,2;-1.681730601967827,0.12610066195117647,1.0
1,-1,0,2,3;-2.1900663464118577,0.23077205674176682,1.0
1,0,-1,1,2;-1.3247264986595448,-0.5924216053359156,1.0
1,0,0,0,1;-0.6103376086032595,-0.650853741170721,1.0
1,0,0,0,2;-0.7483593806383358,-0.7080897245943479,1.0
1,0,0,1,1;-0.6299651288811665,-0.11419669277410009,1.0
1,0,0,1,2;-1.0511649988014855,-0.25180654170581945,1.0
1,0,0,2,2;-1.210217988963368,0.23705263076000951,1.0
1,0,1,1,1;-0.36576912489653607,0.201567065080786,1.0
1,1,0,0,0;0.40023764641403614,-0.5782449376331809,1.0
1,1,0,0,1;-0.09505623664900027,-0.4738993380488237,1.0
1,1,0,1,1;-0.24260577650015427,-0.20322930894550736,1.0
1,1,1,0,0;0.4659353628906274,-0.07829692599916933,1.0
1,1,1,0,1;0.09356145438256926,-0.1803751577457918,1.0
1,1,1,1,0;0.23616570497118913,0.16458827165561687,1.0
1,1,1,1,1;-0.07618261233759828,0.07264453580603378,1.0
1,2,0,0,0;0.6187559607129886,-0.6711109311691791,1.0
1,2,1,-1,-1;1.5353134090505645,-0.4509622619439453,1.0
1,2,1,-1,0;1.1951230787341978,-0.6294003987610849,1.0
1,2,1,0,-1;1.2734865709350525,-0.012793708258080183,1.0
1,2,1,0,0;0.9069395197235931,-0.31692233163179867,1.0
1,2,2,-1,-1;1.7422461096546058,-0.15459663102873591,1.0
1,2,2,0,-1;1.615283574926865,0.07802906950779304,1.0
1,3,1,-1,-2;2.425540448990191,-0.703114424615106,1.0
1,3,1,-1,-1;2.039485122944776,-0.5782449376331809,1.0
1,3,2,-1,-2;2.5202258590602242,-0.17159727811656836,1.0
1,3,2,-1,-1;2.0187923783359363,-0.20621653164394177,1.0
1,3,2,0,-2;2.179648164343723,0.24327759748888,1.0
1,3,2,0,-1;1.9799663842226347,0.15816325320422608,1.0
1,3,3,-1,-2;2.887158116318428,0.2501997429975577,1.0
2,-2,-2,1,3;-2.7231774976285266,-0.9473356346958086,1.0
2,-2,-2,2,3;-2.7116893521033076,-0.790589895024121,1.0
2,-2,-1,2,3;-2.634171280501976,-0.7197436090859508,1.0
2,-1,-2,0,3;-1.9525622319044393,-1.6356253654899555,1.0
2,-1,-2,1,3;-2.316406342612844,-1.2781168986830238,1.0
2,-1,-2,2,3;-2.6193144975165628,-0.7912066497789106,1.0
2,-1,-1,1,2;-1.6794586560024605,-0.8253395205982331,1.0
2,-1,-1,1,3;-2.0544406046699195,-0.9213121395462764,1.0
2,-1,-1,2,3;-2.5693840233929213,-0.7350596131892032,1.0
2,0,-2,0,2;-1.4200550429726497,-1.654481746698334,1.0
2,0,-2,0,3;-1.6817306019678273,-1.5683265290487394,1.0
2,0,-2,1,3;-1.768663689164523,-1.4092406385288054,1.0
2,0,-1,0,1;-0.633399581331061,-0.9778459003957901,1.0
2,0,-1,0,2;-1.0558766132577686,-1.2892849892223757,1.0
2,0,-1,0,3;-1.6077401623215113,-1.4164431352455817,1.0
2,0,-1,1,2;-1.3305407803321037,-0.9143198088513145,1.0
2,0,-1,1,3;-1.6897336281565867,-1.2778593094685406,1.0
2,0,0,0,1;-0.632048793939344,-0.8282449376331809,1.0
2,0,0,0,2;-0.7579431829223295,-0.7816047192110169,1.0
2,0,0,1,2;-0.8585480064400898,-0.7362459770229955,1.0
2,1,-1,-1,1;-0.07618261233759846,-1.621782655193882,1.0
2,1,-1,-1,2;-0.4234396844054296,-1.7080897245943483,1.0
2,1,-1,0,1;-0.4137574156285265,-1.2778593094685409,1.0
2,1,-1,0,2;-0.5827083927701335,-1.5431393575019294,1.0
2,1,0,-1,1;0.21618819699023686,-1.360607960612034,1.0
2,1,0,0,0;0.4234657924740741,-0.8253395205982333,1.0
2,1,0,0,1;0.002808155967104292,-0.9899680758134846,1.0
2,2,-1,-1,1;0.2938362644800821,-1.671110931169179,1.0
2,2,0,-1,0;0.9197767016155136,-1.2981758574439033,1.0
2,2,0,-1,1;0.4309781243185265,-1.4378034905240793,1.0
2,2,0,0,0;0.5963939083275395,-0.867106213351357,1.0
2,2,0,0,1;0.4214431781754695,-1.0746576384458442,1.0
2,2,1,-1,-1;1.4749280167123413,-0.8253395205982333,1.0
2,2,1,-1,0;1.2087137212836514,-0.8921325327962133,1.0
2,2,1,0,0;0.84275361026399,-0.7362459770229957,1.0
2,3,0,-2,-1;1.7800418991692986,-1.5718107026330275,1.0
2,3,0,-2,0;1.520042774967104,-1.629400398761085,1.0
2,3,0,-1,-1;1.6196193670469377,-1.3863864873290905,1.0
2,3,0,-1,0;1.421732393666494,-1.4782969259991696,1.0
2,3,1,-2,-2;2.532493343516944,-0.8733508122810675,1.0
2,3,1,-2,-1;2.2232305568236117,-1.343499415601378,1.0
2,3,1,-1,-2;2.4682328594048855,-0.7627937082580805,1.0
2,3,1,-1,-1;1.864292530644691,-1.0028573391720128,1.0
2,3,1,-1,0;1.4853265820811838,-1.1838572299790888,1.0
2,3,2,-2,-2;2.592896918006645,-0.7726306197786309,1.0
2,3,2,-1,-2;2.5663400912220187,-0.7309879248671545,1.0
3,-1,-3,0,3;-2.226394632624172,-2.389868559562387,1.0
3,-1,-2,0,3;-2.1911632845893196,-1.972724116999085,1.0
3,-1,-2,1,3;-2.366922143777963,-1.7867790504276113,1.0
3,0,-3,-1,3;-1.7091988147921304,-2.6876132991062236,1.0
3,0,-3,0,3;-2.0047972925312485,-2.6157393305461922,1.0
3,0,-2,-1,2;-1.1301824463354155,-2.3593582938624063,1.0
3,0,-2,-1,3;-1.3801840924707753,-2.6087469998512307,1.0
3,0,-2,0,2;-1.1805178970696362,-1.9614102882740583,1.0
3,0,-2,0,3;-1.6876786337257612,-2.145389452943861,1.0
3,0,-1,0,2;-1.015608517362349,-1.798432934919214,1.0
3,1,-2,-1,1;-0.10766846921192763,-2.5958798891456856,1.0
3,1,-2,-1,2;-0.6405768411022482,-2.48719215895609,1.0
3,1,-2,-1,3;-1.153727543883327,-2.6980175168481986,1.0
3,1,-2,0,2;-0.9180128808124831,-2.027274627278701,1.0
3,1,-1,-1,1;-0.10631768182021059,-2.1372619320081285,1.0
3,1,-1,-1,2;-0.4640505567760932,-1.9951302107734383,1.0
3,1,-1,0,2;-0.7676766987457277,-1.8530936019390982,1.0
3,2,-2,-2,1;-0.02166542547789488,-2.689844691382923,1.0
3,2,-2,-2,2;-0.09851998817252365,-2.7080897245943483,1.0
3,2,-2,-1,1;-0.06966193551073338,-2.6458932982184367,1.0
3,2,-2,-1,2;-0.10718013462255699,-2.6976478546894036,1.0
3,2,-1,-2,0;0.9124216508710901,-2.2413848010309625,1.0
3,2,-1,-2,1;0.5467505961888677,-2.561533404351273,1.0
3,2,-1,-1,0;0.7689685586948977,-2.004420476078985,1.0
3,2,-1,-1,1;0.3354739941566655,-2.107438035082398,1.0
3,2,0,-2,0;1.0668390053422767,-1.9786419493619292,1.0
3,2,0,-1,0;0.9410653604813571,-1.8155401245486977,1.0
3,2,0,-1,1;0.5903645550286262,-1.781803750448369,1.0
3,3,-1,-3,0;1.6934044186160297,-2.6876132991062236,1.0
3,3,-1,-2,0;1.2583570334223229,-2.5865597237961295,1.0
3,3,-1,-2,1;0.9491969045932076,-2.6980175168481986,1.0
3,3,0,-3,-1;2.0144382294685808,-2.486680297612441,1.0
3,3,0,-3,0;1.8829702334827956,-2.637926606601294,1.0
3,3,0,-2,-1;2.0271335185987795,-2.0086238837740162,1.0
3,3,0,-2,0;1.489369307585515,-2.073693505519823,1.0
3,3,0,-1,0;1.2589955825282992,-1.714314691323219,1.0
3,3,1,-2,-1;2.2373187238526153,-1.7498002570024422,1.0
